500
2000
112
191
132
77
129
53
67
18
144
198
109
91
21
144
34
102
84
148
37
165
82
138
115
35
118
61
48
191
12
131
151
163
38
131
36
62
62
178
90
59
76
42
17
52
164
3
60
152
32
80
99
52
147
41
10
146
113
80
168
28
180
169
50
165
163
165
61
104
26
191
83
187
172
107
128
14
156
74
198
70
13
15
85
154
192
109
68
133
154
20
137
97
69
183
50
147
44
51
137
71
113
83
173
179
125
69
137
58
149
148
97
130
106
189
181
39
101
108
31
180
83
134
97
137
112
47
140
106
38
28
31
88
160
59
178
140
191
194
141
173
39
47
76
160
174
181
168
42
18
114
152
129
65
119
120
106
109
191
153
185
189
131
120
87
174
35
145
158
39
75
53
69
182
30
101
189
66
60
68
174
37
66
150
180
73
30
196
44
42
104
27
151
42
129
102
163
126
160
140
20
12
52
197
5
115
31
114
197
26
78
119
180
53
9
122
159
67
79
51
93
19
3
91
79
58
23
30
8
43
131
79
127
44
126
30
61
14
186
158
87
56
57
118
191
100
111
123
117
149
85
26
39
29
110
195
98
84
174
99
18
181
146
38
31
13
96
34
82
64
119
125
77
31
153
11
197
54
21
170
117
147
65
186
170
173
95
144
66
182
36
23
122
162
101
137
137
131
136
36
177
18
83
91
183
67
9
62
56
83
92
117
103
84
69
197
15
185
75
140
16
44
24
10
122
134
83
177
60
198
197
122
121
99
158
166
163
130
133
120
52
87
97
167
86
70
125
156
151
3
9
73
65
67
191
127
132
188
79
153
6
180
153
14
55
110
180
64
93
172
138
63
33
22
72
53
168
79
193
71
53
69
95
165
77
129
115
190
82
1
150
6
152
39
132
42
128
168
63
33
129
74
94
130
59
180
19
5
86
81
141
175
58
84
49
72
153
148
10
83
141
141
189
37
176
177
97
185
188
170
19
27
106
127
164
151
160
39
160
147
51
16
102
35
187
192
23
91
124
90
107
194
146
27
185
50
80
33
138
153
193
59
27
121
122
167
15
146
30
4
166
18
76
193
88
107
155
41
80
170
117
55
170
167
58
34
168
168
96
45
126
84
53
146
126
38
143
122
152
163
87