1000
72000
3930
33
5660
1280
1867
3521
5456
1756
3133
1265
2921
5956
7190
3003
5207
4055
379
3233
6705
3259
1863
6219
4101
4124
3603
1467
4779
581
2076
4909
473
442
357
6427
1044
4604
642
1958
5170
6686
3929
1595
5279
239
4731
3441
4797
3257
4188
475
3214
2533
6251
1147
6341
5111
4645
6489
2956
2751
5747
3250
7186
3033
2421
6050
1876
6930
5673
3672
6236
3022
1025
147
3762
3670
579
6603
3345
5883
818
2326
3534
6186
2433
5385
6581
456
6143
6420
550
1276
3054
194
1085
2987
3150
2301
4990
92
4002
5234
2824
4333
3963
6759
3856
5988
233
6446
5877
494
16
3133
2449
770
5657
3348
6691
3702
4822
3509
699
4944
6277
3003
1018
1590
6035
6902
3084
2823
2806
4856
2693
4685
6629
5824
1327
705
6592
669
7195
19
3002
2548
2097
4066
3725
2473
5187
4975
108
6777
2146
5454
5802
1739
1436
781
2719
1705
3619
4035
5676
4518
4050
6907
5826
5483
3477
1973
6880
3280
1417
416
760
636
2471
5546
2205
6522
2047
1462
1261
3034
4203
3038
3231
3447
1585
1501
1458
5367
6455
3798
1941
6911
106
3638
2876
1891
3800
394
2408
4182
1230
6757
5834
4040
7192
6983
1000
230
5920
4389
4437
4070
5279
6039
714
3900
5163
285
3052
6848
1998
6424
209
6730
6641
4778
6450
7181
693
6116
4532
4421
2242
4371
190
5096
5911
1868
4915
4456
4776
5613
6650
6346
3833
4712
1589
1876
2967
4883
28
7114
92
3918
817
5278
493
2837
6337
2162
6212
5695
6465
4767
6601
3659
4956
5808
1035
3397
2225
3288
3692
2969
6164
1406
2586
3794
6502
128
3777
3090
4393
2691
6840
1025
5544
3046
3740
1587
812
4658
446
6554
2639
3624
6783
613
6955
7175
3868
5064
299
5377
4743
1561
970
2185
2905
3432
1062
4381
5471
5753
5778
6601
3868
6634
3355
6973
458
5457
670
826
2734
6583
1919
4703
84
3372
3961
6185
1719
5214
3628
4372
5635
388
3331
1263
6397
2643
5430
5968
3322
5431
5674
1766
4883
459
2479
347
5606
4244
2385
6990
4848
986
781
3146
3484
5248
871
129
2473
4900
3782
2445
2565
4173
3181
856
787
1719
1778
4408
1262
6697
4337
2488
5344
6606
6036
3726
3070
6229
5499
129
6484
4893
6327
2368
2119
4569
5979
3880
6810
5496
4614
4701
6626
6966
5321
1193
483
4891
4504
587
1702
5865
6020
3685
6579
3509
4345
2985
2411
2326
1443
1984
2347
216
3356
2341
3217
6436
5453
3914
4515
4408
4479
5046
4839
4002
2607
6196
6145
3870
4160
1764
5612
3390
1316
3907
5246
3844
6130
364
1226
1918
4344
1485
1359
262
7020
937
5685
1491
2151
4822
5350
6644
3059
32
6349
3415
1667
6094
6719
530
6835
5205
697
5660
402
5611
1590
4858
617
117
2248
1177
3858
6863
958
6894
6672
2978
4239
5427
6362
5417
80
5892
6403
1873
360
2828
556
6543
2518
2309
6398
4412
1410
5877
621
5321
1283
6272
4473
483
2476
3257
3362
702
2972
6578
5289
5029
3972
5656
4422
858
2083
769
6068
1305
6549
4117
2469
6643
1634
4859
1736
289
35
4090
2496
1613
5307
1315
5408
2393
955
1833
3942
249
3038
2037
1413
5773
2758
2412
556
2303
6635
6305
6928
7000
6051
6351
6926
833
4198
3118
3731
986
6662
3961
3319
5749
6124
3038
6580
6298
7152
205
6237
2431
5546
4829
3003
4618
3015
4427
5979
5526
5432
2588
5702
2225
3099
5404
3640
5780
6379
1261
1863
3135
208
2109
5976
6060
1831
3650
3260
3822
5417
1577
2073
4965
1170
1783
152
3789
6171
6454
4266
225
5976
3065
2089
3088
670
1326
5266
6443
2106
2723
2309
3978
3894
3500
3802
1271
6159
5064
2596
4412
1039
4891
3642
5360
3840
453
6660
2208
4715
4030
3123
4867
2308
2250
6760
2185
3912
5322
4991
4667
3246
5474
3286
1542
1202
1538
4555
7190
5160
6823
5678
6112
7048
485
4314
4056
1376
4131
505
317
2745
685
2565
6519
4023
1429
2667
1535
6726
501
20
7081
3593
4438
2101
3079
414
2243
1202
1183
6703
2468
1764
1108
4533
2586
4477
1296
4316
3506
6972
4955
4200
2021
6407
5942
501
2345
6539
5964
2664
3170
6776
5845
312
4258
1960
3996
1580
5042
1391
752
6766
459
6957
109
6426
2179
68
683
4035
5274
601
4478
3747
3315
6766
4986
4595
5779
2861
2038
462
1242
5021
6183
3182
3355
2756
3535
2056
1538
6563
1433
5496
2030
1562
5014
369
515
1175
2173
1634
4728
4264
1896
4245
4687
4743
5321
4481
4830
7092
6657
600
105
847
2297
7124
827
643
6973
6352
6460
5295
3871
955
205
5373
4065
159
4939
2457
354
2955
2369
2696
1527
303
89
3907
5615
4250
4447
1411
51
2327
3924
6726
784
1433
1235
6620
5607
913
3935
5914
97
5849
2450
5697
3147
2802
1031
6376
1915
6507
6492
1535
1079
630
1194
5769
5193
6088
3676
1110
5290
5103
5704
6113
1402
6526
2253
5373
3922
6279
4466
6294
5620
4219
359
4492
389
968
1145
6807
6695
4434
4960
986
5765
5595
1470
4413
3363
2815
1948
6036
1748
1095
4517
1186
2833
50
1314
5514
1989
3293
6448
6656
3306
3495
262
5109
1618
1234
245
1117
1502
3544
6837
6469
2440
5735
5641
5659
5536
2901
1377
4064
5382
4439
5549
2206
2299
1076
801
2865
6934
4642
1997
1520
6101
3332
7195
489
5002
1931
375
2213
2734
3068
4438
4472
1005
7086
353
3175
2889
2424
3308
4868
6902
5197
6076
3334
5159
1591
2533
6442
1038
6885
2201
490
3092
4211
1209
2605
119
324
3108
5331
3170
7080
2241
3933
5527
3608
3142
6795
1953
6140
6339
7155
4288
4714
5952
4915
7089
6309
6993
1634
1410
4011
3989
3328
4039
6659
2174
5219
6266
4097
1571